68
62
58
57
45
56
59
55
43
34
48
66
78
84
85
73
65
54
39
37
51
69
87
104
116
125
135
135
133
130
120
103
92
87
74
55
39
31
27
26
31
51
69
84
90
110
120
129
137
139
134
136
142
147
137
134
123
115
112
117
108
94
79
66
62
69
68
70
72
72
69
55
42
40
38
35
37
42
48
49
42
45
60
83
90
96
105
105
94
87
89
100
104
104
103
96
103
105
100
107
99
96
101
111
117
127
140
144
138
138
140
146
143
130
124
127
125
121
126
138
128
114
102
90
82
72
57
52
54
45
53
67
75
75
76
84
91
95
100
94
95
92
80
60
48
43
38
40
44
53
48
50
52
56
68
72
83
85
85
86
87
76
75
77
73
91
119
133
139
137
136
141
145
144
140
133
125
115
100
96
93
101
114
125
134
135
136
135
137
139
127
122
126
134
141
140
131
132
144
152